4 4 4
64 64 64
128 64 64
192 64 64
255 64 64
64 128 64
128 128 64
192 128 64
255 128 64
64 192 64
128 192 64
192 192 64
255 192 64
64 255 64
128 255 64
192 255 64
255 255 64
64 64 128
128 64 128
192 64 128
255 64 128
64 128 128
128 128 128
192 128 128
255 128 128
64 192 128
128 192 128
192 192 128
255 192 128
64 255 128
128 255 128
192 255 128
255 255 128
64 64 192
128 64 192
192 64 192
255 64 192
64 128 192
128 128 192
192 128 192
255 128 192
64 192 192
128 192 192
192 192 192
255 192 192
64 255 192
128 255 192
192 255 192
255 255 192
64 64 255
128 64 255
192 64 255
255 64 255
64 128 255
128 128 255
192 128 255
255 128 255
64 192 255
128 192 255
192 192 255
255 192 255
64 255 255
128 255 255
192 255 255
255 255 255