8 8 8
0 0 0
0 0 0
0 0 0
0 0 0
0 0 0
0 0 0
0 0 0
0 0 0
0 0 0
36 0 67
36 0 92
36 0 114
34 0 149
34 0 183
0 0 0
0 0 0
0 0 0
35 0 56
22 0 75
12 0 109
16 0 158
33 0 195
0 0 0
0 0 0
0 0 0
34 0 42
12 0 75
2 0 109
3 0 149
25 0 202
0 0 0
0 0 0
0 0 0
23 0 56
12 0 75
3 0 109
3 0 149
14 0 183
0 0 0
0 0 0
0 0 0
31 0 63
15 0 100
14 0 109
14 0 149
28 0 183
0 0 0
0 0 0
0 0 0
0 0 0
0 0 0
0 0 0
0 0 0
0 0 0
0 0 0
0 0 0
0 0 0
0 0 0
0 0 0
0 0 0
0 0 0
0 0 0
0 0 0
0 0 0
0 0 0
72 0 63
72 0 100
72 0 109
72 0 149
70 0 183
0 0 0
0 0 0
72 0 32
72 0 52
52 0 75
39 0 109
51 0 175
71 0 198
70 0 219
0 0 0
71 0 27
53 0 38
0 0 0
0 0 0
0 0 0
53 0 216
71 0 227
0 0 0
69 0 14
37 0 38
0 0 0
0 0 0
0 0 0
37 0 216
66 0 237
0 0 0
40 0 35
37 0 38
0 0 0
0 0 0
0 0 0
37 0 216
40 0 219
0 0 0
62 0 32
40 0 52
38 0 75
36 0 109
36 0 175
37 0 198
59 0 219
0 0 0
0 0 0
61 0 67
45 0 92
39 0 114
43 0 149
60 0 183
0 0 0
0 0 0
0 0 0
0 0 0
0 0 0
0 0 0
0 0 0
0 0 0
0 0 0
0 0 0
0 0 0
109 0 56
107 0 75
105 0 109
105 0 149
107 0 183
0 0 0
0 0 0
109 0 35
108 0 38
0 0 0
0 0 0
0 0 0
108 0 216
109 0 219
0 0 0
108 0 12
0 0 0
0 0 0
0 0 0
0 0 0
0 0 0
108 0 242
0 0 0
107 0 2
0 0 0
0 0 0
0 0 0
0 0 0
0 0 0
107 0 252
0 0 0
74 0 12
0 0 0
0 0 0
0 0 0
0 0 0
0 0 0
74 0 242
0 0 0
72 0 27
73 0 38
0 0 0
0 0 0
0 0 0
73 0 216
72 0 227
0 0 0
0 0 0
74 0 56
76 0 75
76 0 109
73 0 158
73 0 195
0 0 0
0 0 0
0 0 0
0 0 0
0 0 0
0 0 0
0 0 0
0 0 0
0 0 0
0 0 0
0 0 0
143 0 42
143 0 75
145 0 109
144 0 149
145 0 202
0 0 0
0 0 0
143 0 14
143 0 38
0 0 0
0 0 0
0 0 0
143 0 216
145 0 237
0 0 0
145 0 2
0 0 0
0 0 0
0 0 0
0 0 0
0 0 0
145 0 252
0 0 0
131 0 0
0 0 0
0 0 0
0 0 0
0 0 0
0 0 0
145 0 253
127 0 255
109 0 2
0 0 0
0 0 0
0 0 0
0 0 0
0 0 0
109 0 252
0 0 0
111 0 14
111 0 38
0 0 0
0 0 0
0 0 0
111 0 216
109 0 237
0 0 0
0 0 0
111 0 42
111 0 75
109 0 109
110 0 149
109 0 202
0 0 0
0 0 0
0 0 0
0 0 0
0 0 0
127 0 127
0 0 0
0 0 0
0 0 0
0 0 0
0 0 0
180 0 56
178 0 75
178 0 109
181 0 158
181 0 195
0 0 0
0 0 0
182 0 27
181 0 38
0 0 0
0 0 0
0 0 0
181 0 216
182 0 227
0 0 0
180 0 12
0 0 0
0 0 0
0 0 0
0 0 0
0 0 0
180 0 242
0 0 0
149 0 1
0 0 0
0 0 0
0 0 0
0 0 0
0 0 0
179 0 243
0 0 0
146 0 12
0 0 0
0 0 0
0 0 0
0 0 0
0 0 0
146 0 242
0 0 0
145 0 35
146 0 38
0 0 0
0 0 0
0 0 0
146 0 216
145 0 219
0 0 0
0 0 0
145 0 56
147 0 75
149 0 109
149 0 149
147 0 183
0 0 0
0 0 0
0 0 0
0 0 0
0 0 0
0 0 0
0 0 0
0 0 0
0 0 0
0 0 0
0 0 0
193 0 67
209 0 92
215 0 114
211 0 149
194 0 183
0 0 0
0 0 0
192 0 32
214 0 52
216 0 75
218 0 109
218 0 175
217 0 198
195 0 219
0 0 0
214 0 35
217 0 38
0 0 0
0 0 0
0 0 0
217 0 216
214 0 219
0 0 0
183 0 12
218 0 38
0 0 0
0 0 0
0 0 0
218 0 216
216 0 219
0 0 0
183 0 27
201 0 38
0 0 0
0 0 0
0 0 0
201 0 216
183 0 227
0 0 0
182 0 32
182 0 52
202 0 75
215 0 109
203 0 175
183 0 198
184 0 219
0 0 0
0 0 0
182 0 63
182 0 100
182 0 109
182 0 149
184 0 183
0 0 0
0 0 0
0 0 0
0 0 0
0 0 0
0 0 0
0 0 0
0 0 0
0 0 0
0 0 0
0 0 0
0 0 0
0 0 0
0 0 0
0 0 0
0 0 0
0 0 0
0 0 0
0 0 0
223 0 63
239 0 100
240 0 109
240 0 149
226 0 183
0 0 0
0 0 0
0 0 0
231 0 56
242 0 75
251 0 109
251 0 149
240 0 183
0 0 0
0 0 0
0 0 0
219 0 38
243 0 75
253 0 109
252 0 149
242 0 183
0 0 0
0 0 0
0 0 0
219 0 56
232 0 75
242 0 109
238 0 158
221 0 195
0 0 0
0 0 0
0 0 0
218 0 67
218 0 92
218 0 114
220 0 149
220 0 183
0 0 0
0 0 0
0 0 0
0 0 0
0 0 0
0 0 0
0 0 0
0 0 0
0 0 0
0 0 0
0 0 0
0 0 0
0 0 0
0 0 0
0 0 0
0 0 0
0 0 0
0 0 0
0 0 0
0 0 0
0 0 0
0 0 0
0 0 0
0 0 0
0 0 0
0 0 0
0 0 0
0 0 0
0 0 0
0 0 0
0 0 0
0 0 0
0 0 0
0 0 0
0 0 0
0 0 0
0 0 0
0 0 0
0 0 0
0 0 0
0 0 0
0 0 0
0 0 0
0 0 0
0 0 0
255 0 127
0 0 0
0 0 0
0 0 0
0 0 0
0 0 0
0 0 0
0 0 0
0 0 0
0 0 0
0 0 0
0 0 0
0 0 0
0 0 0
0 0 0
0 0 0
0 0 0
0 0 0
0 0 0
0 0 0
0 0 0
0 0 0
0 0 0
0 0 0
0 0 0
0 0 0
0 0 0
0 0 0
0 0 0
0 0 0
0 0 0
0 0 0
0 0 0
0 0 0
0 0 0
0 0 0
0 0 0
